I, rotation 0
[
  [0,0,0,0],
  [0,0,0,0],
  [1,1,1,1],
  [0,0,0,0]
]

I, rotation 1
[
  [0,0,1,0],
  [0,0,1,0],
  [0,0,1,0],
  [0,0,1,0]
]

J, rotation 0
[
[0,0,0,0],
[0,0,0,0],
[0,1,1,1],
[0,0,0,1]
]]

J, rotation 1
[
  [0,0,0,0],
  [0,0,1,0],
  [0,0,1,0],
  [0,1,1,0]
]

J, rotation 2
[
  [0,0,0,0],
  [0,1,0,0],
  [0,1,1,1],
  [0,0,0,0]
]

J, rotation 3
[
  [0,0,0,0],
  [0,0,1,1],
  [0,0,1,0],
  [0,0,1,0]

L, rotation 0
[
  [0,0,0,0],
  [0,0,0,0],
  [0,1,1,1],
  [0,1,0,0]
]

L, rotation 1
[
  [0,0,0,0],
  [0,1,1,0],
  [0,0,1,0],
  [0,0,1,0]
]

L, rotation 2
[
  [0,0,0,0],
  [0,0,0,1],
  [0,1,1,1],
  [0,0,0,0]
]

L, rotation 3
[
  [0,0,0,0],
  [0,0,1,0],
  [0,0,1,0],
  [0,0,1,1]
]

O, rotation 0
[
  [0,0,0,0],
  [0,1,1,0],
  [0,1,1,0],
  [0,0,0,0]
]

S, rotation 0
[
  [0,0,0,0],
  [0,0,0,0],
  [0,0,1,1],
  [0,1,1,0]
]

S, rotation 1
[
  [0,0,0,0],
  [0,0,1,0],
  [0,0,1,1],
  [0,0,0,1]
]

T, rotation 0
[
  [0,0,0,0],
  [0,0,0,0],
  [0,1,1,1],
  [0,0,1,0]
]

T, rotation 1
[
  [0,0,0,0],
  [0,0,1,0],
  [0,1,1,0],
  [0,0,1,0]
]

T, rotation 2
[
  [0,0,0,0],
  [0,0,1,0],
  [0,1,1,1],
  [0,0,0,0]
]

T, rotation 3
[
  [0,0,0,0],
  [0,0,1,0],
  [0,0,1,1],
  [0,0,1,0]
]

Z, rotation 0
[
  [0,0,0,0],
  [0,0,0,0],
  [0,1,1,0],
  [0,0,1,1]
]

Z, rotation 1
[
  [0,0,0,0],
  [0,0,0,1],
  [0,0,1,1],
  [0,0,1,0]
]
